inf
0
0
0
0
0
0
0
0
89.757
264.847
1012.87
3202.4
7983.21
20944.5
53045.6
130657
314848
550842
590924
509722
359659
257232
196367
159685
140514
134433
140209
157760
168027
182665
205508
231982
259946
290122
312978
286919
265911
247351
231913
223361
207609
195803
192979
198930
217625
212123
211084
216651
226588
234123
239886
247921
263388
259235
234772
221680
216089
210686
209689
216325
223997
216032
217596
225096
221765
222730
230756
228375
228372
234860
233479
235575
247517
229740
218411
212469
212307
218516
220946
215437
217589
219211
225850
231471
228383
232619
230858
237597
235205
226089
224454
220215
223329
216801
216949
215493
219882
219189
218232
221911
230411
234202
230262
231085
235340
235553
228077
223031
216623
212778
211218
214754
225309
221264
219534
219837
218554
208658
201439
198658
194015
189649
186124
179284
167992
161951
158882
151289
144811
140683
137104
134645
135156
132268
129434
127642
119935
113177
110917
106572
100933
96464.3
89442.4
84342.7
80819.5
77600.6
73146.8
69797.2
68628.9
68906
69780.1
66496.8
65377.8
60664.3
53510.7
46608.6
42099.5
38822.5
35740.8
31170.8
28439.5
26307.6
24515.3
23574.5
23120.4
22900.9
22897.3
21200.2
19013.8
15236.1
12822.5
10845.4
8965.49
7649.42
6804.01
6174.46
5783.39
5499.35
5301.53
5207.2
5107.93
5095.74
4957.21
3820.11
2623.91
1971.24
1522.15
1205.73
942.346
757.701
601.587
487.866
396.079
319.304
250.087
196.201
147.353
100.222
50.9329
0
0
0
0
0
0
0
0
0
0
0
0
0
0
0
0
0
0
0
0
0
0
0
0
0
0
0
0
0
0
0
0
0
0
0
0
0
0
0
0
0
0
0
0
0
0
0
0
0
0
0
0
0
0
0
0
0
0
0
0
0
0
0
0
0
0
0
0
0
0
0
0
0
0
0
0
0
0
0
0
0
0
0
0
0
0
0
0
0
0
0
0
0
0
0
0
0
0
0
0
0
0
0
0
0
0
0
0
0
0
0
0
0
0
0
0
0
0
0
0
0
0
0
0
0
0
0
0
0
0
0
0
0
0
0
0
0
0
0
0
0
0
0
0
0
0
0
0
0
0
0
0
0
0
0
0
0
0
0
0
0
0
0
0
0
0
0
0
0
0
0
0
0
0
0
0
0
0
0
0
0
0
0
0
0
0
0
0
0
0
0
0
0
0
0
0
0
0
0
0
