dt: 0.01 CellNx: 4 b: 5.72 noParticles: 2048
Kinetic energy     Potential energy   Total energy   Temperature         Pressure   Average displacement    Radial distribution
2598.05            -14676.9               -12078.8         100         -6.15899         0.000255337
2546            -14625.4               -12079.4         101.267         -5.98162         0.00101486
2452.22            -14532.5               -12080.3         99.2376         -5.70481         0.0022577
2308.11            -14389.3               -12081.2         95.5822         -5.30577         0.00394443
2107.28            -14188.7               -12081.5         89.9653         -4.78324         0.00601099
1854.87            -13935.6               -12080.7         82.1372         -4.16195         0.00836265
1578.22            -13658               -12079.8         72.2988         -3.51107         0.0108745
1325            -13401.7               -12076.7         61.5156         -2.92674         0.013406
1142.6            -13215.6               -12073         51.6456         -2.50198         0.0158288
1051.76            -13125.6               -12073.8         44.536         -2.28054         0.0180551
1040.73            -13116.4               -12075.6         40.9953         -2.22791         0.0200506
1081.4            -13158.7               -12077.3         40.5656         -2.28607         0.0218242
1144.55            -13223.1               -12078.5         42.1505         -2.39683         0.02341
1208.2            -13287.7               -12079.5         44.612         -2.51655         0.0248507
1259.29            -13339.1               -12079.8         47.0931         -2.61685         0.0261858
1292.14            -13371.4               -12079.3         49.0843         -2.68334         0.0274456
1306.28            -13385.3               -12079         50.365         -2.71512         0.0286492
1304.51            -13383.2               -12078.7         50.9159         -2.71528         0.0298049
1292.13            -13370.7               -12078.6         50.8472         -2.69397         0.0309125
1274.72            -13353               -12078.2         50.3645         -2.66046         0.0319662
1256.4            -13334.4               -12078         49.6861         -2.62353         0.032958
1239.56            -13317.5               -12077.9         48.9717         -2.58865         0.0338795
1226.04            -13303.8               -12077.8         48.3152         -2.55996         0.0347231
1217.68            -13295.4               -12077.7         47.7882         -2.54195         0.0354824
1215.6            -13293.4               -12077.8         47.4625         -2.53729         0.0361538
1219.67            -13297.5               -12077.8         47.3814         -2.54591         0.0367366
1229.31            -13307.1               -12077.8         47.5402         -2.56681         0.0372334
1244.11            -13321.9               -12077.8         47.9157         -2.59926         0.0376492
1263.31            -13341.2               -12077.9         48.4927         -2.64149         0.0379919
1285.14            -13363.2               -12078         49.2409         -2.68949         0.0382716
1307.42            -13385.5               -12078.1         50.0921         -2.73855         0.0384998
1328.21            -13406.4               -12078.2         50.9606         -2.78461         0.0386879
1345.94            -13424.1               -12078.2         51.7708         -2.82434         0.0388464
1359.46            -13437.7               -12078.2         52.4619         -2.85531         0.038984
1368.14            -13446.3               -12078.2         52.9888         -2.87627         0.0391072
1371.99            -13450.1               -12078.1         53.3271         -2.88739         0.03922
1371.7            -13449.8               -12078.1         53.4774         -2.89023         0.0393237
1368.45            -13446.4               -12078         53.466         -2.88731         0.0394174
1363.87            -13441.7               -12077.9         53.3392         -2.88195         0.0394986
1360.05            -13438               -12077.9         53.1609         -2.87849         0.0395642
1358.72            -13436.4               -12077.7         53.0118         -2.8791         0.0396114
1360.3            -13438.1               -12077.8         52.9599         -2.88524         0.0396391
1363.57            -13441.5               -12077.9         53.0216         -2.89393         0.039648
1366.68            -13444.7               -12078         53.1492         -2.90171         0.0396398
1368.44            -13446.4               -12078         53.2704         -2.90665         0.0396164
1368.9            -13446.8               -12077.9         53.3388         -2.90925         0.0395783
1369.25            -13447               -12077.8         53.357         -2.91189         0.0395253
1371.13            -13448.8               -12077.7         53.3706         -2.91764         0.0394569
1375.44            -13453.2               -12077.8         53.4436         -2.92795         0.0393735
1381.5            -13459.4               -12077.9         53.6118         -2.941         0.0392768
1387.55            -13465.5               -12078         53.8479         -2.95322         0.0391698
1392.11            -13470.3               -12078.2         54.0839         -2.96228         0.0390551
1394.37            -13472.4               -12078         54.2615         -2.96608         0.0389347
1394.26            -13472.2               -12077.9         54.3494         -2.96589         0.0388091
1392.61            -13470.4               -12077.8         54.3453         -2.96341         0.0386775
1391.12            -13468.8               -12077.7         54.2809         -2.96236         0.0385383
1391.49            -13469.1               -12077.6         54.223         -2.96608         0.0383899
1394.36            -13472.1               -12077.7         54.2375         -2.97558         0.0382321
1399.26            -13477               -12077.8         54.3492         -2.98967         0.0380661
1405.45            -13483.2               -12077.8         54.54         -3.00671         0.0378941
1412.67            -13490.4               -12077.7         54.7814         -3.02595         0.0377186
1421            -13498.8               -12077.8         55.0628         -3.04716         0.0375427
1429.97            -13507.8               -12077.9         55.3874         -3.06897         0.03737
1438.25            -13516.2               -12077.9         55.7371         -3.08842         0.0372047
1444.49            -13522.5               -12078         56.06         -3.1029         0.0370506
1448.29            -13526.2               -12077.9         56.3031         -3.1119         0.0369104
1450.24            -13528.3               -12078.1         56.4513         -3.1171         0.0367855
1450.81            -13528.8               -12078         56.5272         -3.11859         0.0366761
1449.69            -13527.7               -12078         56.5494         -3.11669         0.0365821
1446.44            -13524.4               -12078         56.5057         -3.11045         0.0365025
1441.66            -13519.6               -12077.9         56.3791         -3.10154         0.0364352
1436.68            -13514.5               -12077.9         56.1928         -3.09248         0.0363772
1432.46            -13510.3               -12077.9         55.9988         -3.08513         0.0363255
1429.25            -13507.2               -12077.9         55.8344         -3.07965         0.0362776
1426.68            -13504.7               -12078.1         55.709         -3.07497         0.036232
1423.7            -13501.8               -12078.1         55.6088         -3.0688         0.0361874
1419.16            -13497.2               -12078.1         55.493         -3.05929         0.0361425
1412.98            -13491               -12078         55.316         -3.04653         0.0360954
1406.42            -13484.3               -12077.9         55.0748         -3.03343         0.0360427
1401.12            -13479               -12077.8         54.8193         -3.0233         0.0359811
1398.08            -13475.9               -12077.8         54.6125         -3.01814         0.0359078
1397.66            -13475.5               -12077.8         54.494         -3.0187         0.0358212
1400.13            -13477.9               -12077.8         54.4778         -3.02557         0.035721
1405.94            -13483.7               -12077.7         54.574         -3.03959         0.0356079
1415.3            -13493.1               -12077.8         54.8007         -3.06086         0.0354844
1427.3            -13505.2               -12077.9         55.1655         -3.08709         0.035355
1440.07            -13518               -12078         55.6332         -3.11413         0.0352255
1451.82            -13529.8               -12078         56.1307         -3.13833         0.0351022
1461.42            -13539.5               -12078         56.5887         -3.1575         0.0349909
1467.91            -13546               -12078.1         56.9632         -3.16965         0.0348965
1470.18            -13548.3               -12078.1         57.216         -3.17269         0.034822
1467.56            -13545.7               -12078.1         57.3045         -3.1656         0.0347686
1460.33            -13538.4               -12078.1         57.2025         -3.1494         0.0347343
1449.78            -13527.7               -12078         56.9207         -3.1271         0.0347149
1438.06            -13515.9               -12077.8         56.5094         -3.10323         0.0347043
1427.86            -13505.5               -12077.7         56.0523         -3.08329         0.0346954
1421.65            -13499.3               -12077.6         55.655         -3.07198         0.0346822
1420.39            -13498.1               -12077.7         55.4127         -3.07084         0.034661
1423.12            -13501               -12077.8         55.3638         -3.07756         0.0346314
1427.67            -13505.6               -12078         55.4703         -3.08768         0.0345953
