dt: 0.01 CellNx: 4 b: 5.72 noParticles: 2048
Kinetic energy     Potential energy   Total energy   Temperature         Pressure   Average displacement    Radial distribution
2647.37            -14676.6               -12029.2         101.899         -6.14456         0.000260185
2591.01            -14624               -12033         103.189         -5.9637         0.00103413
2497.45            -14529.1               -12031.7         100.992         -5.68224         0.00229955
2360.91            -14382.6               -12021.6         97.3454         -5.27395         0.00401738
2177.5            -14176.3               -11998.8         92.0232         -4.73497         0.00612694
1954.45            -13914.2               -11959.7         84.8743         -4.08699         0.00854152
1720.47            -13623.6               -11903.1         76.1801         -3.39648         0.0111502
1524.15            -13348.8               -11824.6         67.0603         -2.7557         0.0138335
1414.26            -13139.5               -11725.3         59.4082         -2.25853         0.0164897
1410.89            -13026.6               -11615.7         55.1248         -1.95695         0.0190587
1494.47            -12994.5               -11500         54.9934         -1.81756         0.0215277
1624.13            -13012.6               -11388.5         58.2513         -1.78216         0.0239148
1759.49            -13048.4               -11288.9         63.3051         -1.79036         0.0262527
1873.23            -13076.9               -11203.7         68.5814         -1.79512         0.0285759
1952.65            -13083               -11130.3         73.0146         -1.76535         0.0309122
1996.61            -13060.7               -11064.1         76.11         -1.68732         0.0332764
2012.3            -13015               -11002.7         77.8235         -1.56773         0.0356693
2010.96            -12957.6               -10946.7         78.4353         -1.42665         0.0380802
2002.64            -12891.6               -10889         78.3828         -1.2687         0.0404932
1994.97            -12824.9               -10829.9         78.0587         -1.10868         0.0428893
1992.74            -12760.5               -10767.8         77.7598         -0.95294         0.0452499
1999.85            -12708.2               -10708.3         77.6728         -0.820558         0.0475574
2017.41            -12665               -10647.6         77.9498         -0.706844         0.0497993
2044.12            -12630.8               -10586.7         78.6343         -0.612089         0.0519672
2077.93            -12607.9               -10530         79.6754         -0.541182         0.0540571
2116.39            -12595.5               -10479.2         80.9934         -0.493315         0.0560697
2158.09            -12591               -10433         82.4924         -0.463464         0.0580095
2202.08            -12591.1               -10389         84.1179         -0.444783         0.0598841
2246.2            -12593.2               -10347         85.8325         -0.432073         0.0617032
2287.54            -12598.3               -10310.8         87.5522         -0.426075         0.0634774
2323.32            -12599.3               -10276         89.1634         -0.413202         0.065218
2352.01            -12595.2               -10243.2         90.5579         -0.391719         0.0669335
2371.77            -12586.6               -10214.8         91.6763         -0.362556         0.0686294
2382.79            -12573               -10190.2         92.4465         -0.325398         0.0703077
2387.84            -12557.8               -10170         92.8759         -0.287354         0.0719665
2389.13            -12537.7               -10148.6         93.0729         -0.241868         0.0736026
2389.77            -12519               -10129.2         93.1231         -0.200775         0.0752105
2393.57            -12504.5               -10111         93.1482         -0.168905         0.0767851
2403.73            -12494.3               -10090.5         93.2964         -0.14481         0.0783235
2420.33            -12486               -10065.7         93.6922         -0.123177         0.0798262
2438.77            -12478.6               -10039.8         94.3392         -0.101152         0.0812972
2453.55            -12473.4               -10019.9         95.0581         -0.0824744         0.0827418
2461.78            -12467.5               -10005.7         95.634         -0.0626763         0.0841656
2465.02            -12457.8               -9992.83         95.9547         -0.0370089         0.0855718
2466.17            -12448.3               -9982.17         96.0811         -0.012005         0.0869608
2466.67            -12436.9               -9970.23         96.1259         0.0168691         0.0883326
2469.05            -12420.6               -9951.6         96.1455         0.0554067         0.0896868
2472.95            -12409.4               -9936.4         96.2381         0.0861145         0.091022
2474.35            -12398.2               -9923.82         96.3905         0.1175         0.0923387
2471.41            -12382.6               -9911.21         96.4447         0.156188         0.0936361
2466.49            -12363.1               -9896.58         96.3303         0.200058         0.0949108
2465.52            -12345.7               -9880.19         96.1385         0.23704         0.0961573
2474.05            -12340.9               -9866.86         96.1006         0.248584         0.0973716
2492.03            -12346.9               -9854.91         96.4331         0.23922         0.0985558
2515.83            -12357.5               -9841.71         97.134         0.221226         0.0997166
2541.59            -12369               -9827.39         98.0616         0.20185         0.100862
2564            -12386.3               -9822.27         99.0659         0.172414         0.102001
2576.3            -12396.5               -9820.23         99.9393         0.156805         0.103143
2575.49            -12392.8               -9817.3         100.419         0.166766         0.104296
2564.42            -12380.3               -9815.9         100.387         0.191309         0.105459
2548.88            -12361.9               -9812.99         99.9557         0.224683         0.106629
2536.61            -12347               -9810.43         99.3499         0.248857         0.107799
2535.66            -12341               -9805.35         98.8717         0.255007         0.108959
2549.05            -12341.7               -9792.65         98.8345         0.248894         0.110109
2572.51            -12348.9               -9776.38         99.3566         0.23272         0.111248
2597.21            -12370.8               -9773.58         100.271         0.191835         0.112382
2613.24            -12389.9               -9776.69         101.234         0.158185         0.11352
2615.92            -12393.5               -9777.6         101.859         0.154062         0.114666
2608.43            -12388.3               -9779.86         101.963         0.165867         0.115816
2599.45            -12383.2               -9783.8         101.671         0.177219         0.116963
2594.62            -12377.8               -9783.19         101.321         0.190669         0.118101
2593.82            -12371.6               -9777.79         101.133         0.207679         0.119231
2593.59            -12364.2               -9770.63         101.102         0.228459         0.120355
2590.68            -12356.6               -9765.9         101.093         0.249806         0.121476
2586.04            -12351.6               -9765.58         100.979         0.265043         0.122596
2583.36            -12345.6               -9762.22         100.798         0.281292         0.123714
2584.84            -12343.9               -9759.04         100.694         0.289448         0.12483
2588.84            -12345.4               -9756.6         100.751         0.292333         0.125944
2592.44            -12345               -9752.56         100.907         0.299789         0.12706
2593.31            -12346.4               -9753.11         101.048         0.304437         0.12818
2590.1            -12345.3               -9755.2         101.082         0.314019         0.129302
2585.11            -12339.3               -9754.2         100.957         0.332342         0.130423
2582.27            -12333.2               -9750.92         100.762         0.350582         0.131532
2581.58            -12328.4               -9746.83         100.652         0.366453         0.132619
2578.96            -12319               -9740.03         100.625         0.390628         0.13368
2571.56            -12306               -9734.41         100.522         0.419463         0.134709
2561.14            -12288.9               -9727.72         100.234         0.452477         0.135698
2552.99            -12274.7               -9721.69         99.8277         0.476257         0.13664
2553.24            -12275.3               -9722.05         99.51         0.469769         0.137532
2564.28            -12285.3               -9721.02         99.52         0.444907         0.138382
2582.82            -12296.3               -9713.46         99.9503         0.418955         0.139203
2602.85            -12310               -9707.12         100.673         0.389235         0.14001
2618.38            -12323.1               -9704.75         101.453         0.361729         0.140822
2626.64            -12328.1               -9701.43         102.059         0.350151         0.141652
2630.26            -12335.3               -9705.06         102.381         0.334611         0.142508
2632.64            -12337.9               -9705.27         102.522         0.32856         0.143394
2635.22            -12338.7               -9703.5         102.615         0.326858         0.144313
2636.91            -12340.4               -9703.47         102.715         0.324121         0.145265
2637.34            -12349.9               -9712.57         102.781         0.306525         0.146249
2635.32            -12354.1               -9718.8         102.798         0.298445         0.147266
