dt: 0.01 CellNx: 11 b: 5.72 noParticles: 32000
Kinetic energy     Potential energy   Total energy   Temperature         Pressure   Average displacement    Radial distribution
40502.7            -228766               -188263         101.899         -6.11635         0.000254748
39731.7            -227970               -188238         101.037         -5.95549         0.00101257
38390.4            -226534               -188144         99.1141         -5.6808         0.00225344
36392.2            -224319               -187927         95.768         -5.28336         0.00394095
33681.3            -221208               -187527         90.7834         -4.75998         0.00601767
30375.3            -217279               -186903         84.0209         -4.13383         0.00840105
26902.6            -212926               -186023         75.7738         -3.46637         0.0109859
23961            -208763               -184802         67.1108         -2.83987         0.0136592
22251.9            -205492               -183241         59.7726         -2.33961         0.0163234
22080.5            -203604               -181523         55.5093         -2.01956         0.0189183
23176.7            -202907               -179730         55.0817         -1.85271         0.0214274
24958.6            -202944               -177985         57.8163         -1.78359         0.0238635
26849            -203247               -176398         62.2614         -1.75712         0.0262521
28453.2            -203459               -175006         66.977         -1.73044         0.0286204
29603.8            -203389               -173786         70.9789         -1.67911         0.0309888
30318.5            -203015               -172696         73.8492         -1.59769         0.033367
30712.7            -202385               -171672         75.632         -1.48927         0.0357544
30927.3            -201609               -170682         76.6154         -1.36483         0.0381429
31093.2            -200804               -169711         77.1506         -1.23714         0.0405205
31306.4            -200056               -168750         77.5647         -1.11605         0.0428753
31615.1            -199418               -167803         78.0963         -1.00785         0.0451977
32023.9            -198912               -166888         78.8665         -0.915606         0.0474812
32494.4            -198515               -166021         79.8864         -0.836847         0.0497237
32969.7            -198164               -165194         81.06         -0.764758         0.0519252
33413.7            -197824               -164410         82.2457         -0.696199         0.0540861
33821.2            -197507               -163686         83.3532         -0.633074         0.0562062
34209.5            -197219               -163010         84.3697         -0.576053         0.0582845
34599            -196959               -162360         85.3383         -0.524706         0.0603206
34998.2            -196738               -161740         86.31         -0.47988         0.0623148
35392.3            -196547               -161155         87.306         -0.43993         0.0642688
35757            -196366               -160609         88.289         -0.402317         0.0661849
36078.6            -196189               -160110         89.1988         -0.366248         0.0680654
36350.4            -195990               -159639         90.0011         -0.328743         0.0699121
36581.4            -195773               -159192         90.679         -0.290437         0.0717254
36796.7            -195569               -158772         91.2553         -0.254744         0.0735054
37015.2            -195394               -158379         91.7923         -0.223302         0.075252
37239.1            -195238               -157999         92.3375         -0.194471         0.0769662
37461.6            -195100               -157638         92.8959         -0.168053         0.0786494
37671.9            -194980               -157308         93.451         -0.144158         0.0803037
37861.6            -194862               -157000         93.9756         -0.120865         0.0819308
38031.5            -194741               -156710         94.4488         -0.0978279         0.0835326
38183.9            -194614               -156430         94.8728         -0.0743925         0.0851102
38314.5            -194472               -156158         95.253         -0.0495834         0.0866644
38419.8            -194329               -155909         95.5787         -0.0251127         0.0881957
38508.1            -194177               -155669         95.8415         -0.000202586         0.0897045
38596.2            -194045               -155449         96.0617         0.0216022         0.0911906
38692.2            -193925               -155233         96.2816         0.0414256         0.0926542
38800.6            -193837               -155037         96.5208         0.0569094         0.0940956
38923.3            -193763               -154840         96.7912         0.0702695         0.0955159
39061.3            -193703               -154641         97.0973         0.0816444         0.0969161
39201.5            -193667               -154465         97.4417         0.0901296         0.0982979
39317.1            -193611               -154294         97.7914         0.10107         0.0996634
39390.4            -193517               -154127         98.0798         0.116664         0.101014
39419            -193404               -153985         98.2626         0.13429         0.10235
39423.4            -193284               -153861         98.3341         0.152283         0.10367
39437.4            -193174               -153737         98.345         0.168619         0.104974
39484.7            -193082               -153597         98.3799         0.182641         0.10626
39565.3            -193010               -153444         98.4979         0.194165         0.107531
39664.7            -192979               -153314         98.699         0.200734         0.108788
39760.3            -192966               -153206         98.9469         0.205137         0.110033
39827.3            -192933               -153106         99.1853         0.211502         0.111271
39865.2            -192877               -153012         99.3526         0.220019         0.112501
39903.7            -192822               -152918         99.4472         0.227674         0.113725
39964.9            -192797               -152832         99.5431         0.231735         0.114944
40041.4            -192787               -152746         99.6958         0.234372         0.116159
40108.6            -192766               -152657         99.8866         0.23877         0.117373
40148.2            -192721               -152573         100.054         0.246076         0.118589
40157.9            -192649               -152492         100.153         0.256607         0.119807
40144.2            -192564               -152420         100.177         0.268541         0.121027
40124.2            -192495               -152371         100.143         0.278479         0.122249
40116.2            -192426               -152310         100.093         0.288473         0.123471
40116.4            -192354               -152238         100.073         0.299244         0.124692
40111.8            -192289               -152177         100.074         0.309518         0.125911
40106.4            -192216               -152109         100.062         0.320561         0.127128
40112.4            -192141               -152029         100.049         0.331506         0.128342
40132.5            -192076               -151944         100.064         0.34104         0.129549
40171.4            -192047               -151876         100.114         0.345947         0.130752
40223.5            -192041               -151817         100.211         0.34808         0.131949
40269.7            -192018               -151749         100.341         0.352098         0.133143
40304.9            -192004               -151699         100.456         0.355061         0.134334
40330.7            -191995               -151664         100.544         0.357514         0.135525
40348.8            -191964               -151615         100.608         0.36275         0.136716
40361.5            -191934               -151572         100.654         0.368268         0.137908
40368.3            -191875               -151506         100.685         0.377525         0.1391
40376.3            -191824               -151448         100.702         0.385879         0.140292
40385.5            -191773               -151387         100.722         0.394657         0.141485
40388.8            -191720               -151331         100.745         0.403785         0.142676
40383            -191675               -151292         100.753         0.411834         0.143866
40373.3            -191622               -151248         100.739         0.420819         0.145055
40372.3            -191571               -151198         100.715         0.429201         0.146243
40392.7            -191550               -151157         100.712         0.433969         0.14743
40435.2            -191551               -151116         100.763         0.436187         0.148617
40486.4            -191562               -151076         100.869         0.4375         0.149804
40533            -191567               -151034         100.997         0.439738         0.150994
40563.5            -191574               -151010         101.113         0.441838         0.152189
40564.5            -191553               -150989         101.189         0.447043         0.15339
40546.4            -191506               -150959         101.191         0.45507         0.154599
40530.3            -191464               -150934         101.146         0.462114         0.155814
40519.7            -191429               -150910         101.106         0.468348         0.157035
40509.5            -191389               -150879         101.08         0.475428         0.158264
