dt: 0.01 CellNx: 4 b: 5.26 noParticles: 2048
Kinetic energy     Potential energy   Total energy   Temperature         Pressure   Average displacement    Radial distribution
3148.32            -3.55866e+07               -3.55835e+07         100         16.1628         0.000255337
3342.55            -3.49127e+07               -3.49093e+07         122.715         1920.87         0.0011034
3218.84            -3.36988e+07               -3.36956e+07         130.286         5292.12         0.00256355
2860.1            -3.2082e+07               -3.20791e+07         125.464         9711.23         0.00452397
2483.54            -3.04924e+07               -3.04899e+07         111.481         14028.1         0.00677326
2370.31            -2.93014e+07               -2.9299e+07         96.8032         17252.8         0.00909871
2688.67            -2.86882e+07               -2.86855e+07         92.3895         18913.2         0.0113873
3308.49            -2.86251e+07               -2.86218e+07         104.799         19108.3         0.013658
3881.86            -2.86658e+07               -2.86619e+07         128.958         19004.7         0.0160181
4180.75            -2.83965e+07               -2.83924e+07         151.307         19700.4         0.0185654
4210.2            -2.77561e+07               -2.77519e+07         162.957         21391.4         0.0213111
4115.42            -2.69449e+07               -2.69408e+07         164.105         23573.5         0.0241767
4066.76            -2.61974e+07               -2.61933e+07         160.41         25621.9         0.0270457
4178.66            -2.56922e+07               -2.5688e+07         158.514         27047.2         0.0298221
4463.74            -2.54656e+07               -2.54611e+07         162.875         27730.8         0.0324691
4848.39            -2.54204e+07               -2.54156e+07         173.987         27914.1         0.0350108
5225.36            -2.5346e+07               -2.53407e+07         188.98         28136.7         0.037511
5505.77            -2.51546e+07               -2.51491e+07         203.674         28647.3         0.0400325
5661.45            -2.48682e+07               -2.48626e+07         214.603         29416.1         0.0426078
5730.6            -2.45856e+07               -2.45798e+07         220.671         30208.1         0.0452329
5769.01            -2.43041e+07               -2.42984e+07         223.367         31012.3         0.0478839
5821.73            -2.40534e+07               -2.40476e+07         224.864         31736.6         0.0505297
5914.71            -2.38551e+07               -2.38492e+07         226.919         32314.5         0.053149
6042.77            -2.37365e+07               -2.37305e+07         230.543         32678.2         0.0557358
6183.32            -2.35999e+07               -2.35938e+07         235.534         33064.2         0.0583019
6333.94            -2.34839e+07               -2.34776e+07         241.013         33390.5         0.0608568
6498            -2.33824e+07               -2.33759e+07         246.883         33682.3         0.0634158
6649.38            -2.32655e+07               -2.32588e+07         253.278         34021         0.0660016
6737.1            -2.31917e+07               -2.31849e+07         259.179         34275.6         0.0686376
6747.62            -2.3009e+07               -2.30022e+07         262.598         34807.3         0.0713337
6756.76            -2.28725e+07               -2.28657e+07         263.008         35237.1         0.0740621
6824.08            -2.27458e+07               -2.2739e+07         263.364         35635.6         0.0767935
6937.26            -2.26321e+07               -2.26252e+07         265.988         35986.2         0.0795173
7063.96            -2.25166e+07               -2.25095e+07         270.399         36327         0.0822466
7176.47            -2.23791e+07               -2.23719e+07         275.338         36718.8         0.0850019
7252.3            -2.21721e+07               -2.21649e+07         279.724         37285.3         0.0878031
7277.72            -2.1952e+07               -2.19447e+07         282.679         37893.2         0.0906579
7267.41            -2.17995e+07               -2.17923e+07         283.67         38338.3         0.0935606
7271.09            -2.17005e+07               -2.16932e+07         283.268         38645.2         0.09649
7314.51            -2.15855e+07               -2.15782e+07         283.412         38974.6         0.0994346
7385.93            -2.14916e+07               -2.14842e+07         285.104         39235.5         0.102394
7468.99            -2.14954e+07               -2.14879e+07         287.888         39253.2         0.10538
7544.59            -2.14175e+07               -2.141e+07         291.125         39464.4         0.108412
7598.79            -2.13326e+07               -2.1325e+07         294.072         39699.8         0.111504
7616.81            -2.12316e+07               -2.1224e+07         296.184         39984.3         0.114669
7601.07            -2.11825e+07               -2.11749e+07         296.887         40157.5         0.117906
7571.21            -2.11494e+07               -2.11419e+07         296.273         40309.4         0.121205
7542.08            -2.1088e+07               -2.10804e+07         295.11         40538.1         0.124546
7537.89            -2.10008e+07               -2.09932e+07         293.974         40823.9         0.127909
7584.94            -2.08704e+07               -2.08628e+07         293.811         41194.4         0.131274
7686.12            -2.08003e+07               -2.07926e+07         295.645         41400.6         0.134638
7823.85            -2.08538e+07               -2.0846e+07         299.589         41303.4         0.138023
7929.7            -2.08276e+07               -2.08197e+07         304.957         41406.6         0.141478
7953.15            -2.07724e+07               -2.07645e+07         309.083         41603.2         0.145037
7930.55            -2.06633e+07               -2.06554e+07         309.997         41948.5         0.148697
7933.67            -2.05586e+07               -2.05507e+07         309.116         42285.6         0.152438
7984.76            -2.04868e+07               -2.04788e+07         309.238         42525.3         0.156245
8056.09            -2.04608e+07               -2.04528e+07         311.229         42629.5         0.160112
8110.95            -2.03955e+07               -2.03874e+07         314.009         42808.3         0.164054
8146.39            -2.03764e+07               -2.03682e+07         316.147         42872.4         0.168082
8164.83            -2.03729e+07               -2.03648e+07         317.529         42902         0.172219
8153.89            -2.0413e+07               -2.04048e+07         318.248         42834.8         0.176477
8110.22            -2.0339e+07               -2.03309e+07         317.821         43039.5         0.180864
8083.95            -2.03195e+07               -2.03114e+07         316.119         43107.9         0.18536
8128.83            -2.02369e+07               -2.02288e+07         315.095         43313.1         0.189937
8236.65            -2.01797e+07               -2.01715e+07         316.844         43442.1         0.194583
8356.18            -2.01516e+07               -2.01433e+07         321.047         43492.4         0.199318
8458.87            -2.01633e+07               -2.01549e+07         325.706         43452.6         0.204172
8536.32            -2.01395e+07               -2.0131e+07         329.709         43515.2         0.209188
8568.08            -2.01059e+07               -2.00973e+07         332.727         43627.2         0.214398
8494.34            -2.00735e+07               -2.0065e+07         333.966         43762.1         0.219818
8386.03            -2.00239e+07               -2.00155e+07         331.091         43956.7         0.225407
8271.29            -1.99857e+07               -1.99774e+07         326.87         44126.4         0.231123
8152.73            -1.99134e+07               -1.99052e+07         322.397         44366.7         0.236907
8050.11            -1.99188e+07               -1.99107e+07         317.776         44402.1         0.242691
7987.04            -1.99468e+07               -1.99388e+07         313.776         44365.8         0.248427
7972.84            -1.99318e+07               -1.99238e+07         311.318         44419.2         0.254082
7985.39            -1.98327e+07               -1.98247e+07         310.764         44668.8         0.259643
7988.21            -1.97575e+07               -1.97495e+07         311.254         44863.4         0.26511
7957.56            -1.97439e+07               -1.97359e+07         311.363         44911.7         0.270491
7919.98            -1.97224e+07               -1.97145e+07         310.169         44976.3         0.275774
7907.91            -1.97135e+07               -1.97056e+07         308.704         45000.4         0.280959
7914.69            -1.97037e+07               -1.96957e+07         308.233         45011.1         0.286062
7924.71            -1.96616e+07               -1.96537e+07         308.498         45085.3         0.29111
7923.12            -1.96209e+07               -1.9613e+07         308.888         45147.3         0.296108
7919            -1.96097e+07               -1.96018e+07         308.826         45141.1         0.301048
7917.17            -1.96408e+07               -1.96328e+07         308.666         45043.6         0.305924
7897.57            -1.96661e+07               -1.96582e+07         308.594         44974.9         0.31074
7859.12            -1.96426e+07               -1.96347e+07         307.83         45038.8         0.31553
7824.77            -1.9562e+07               -1.95542e+07         306.332         45249.4         0.320298
7800.1            -1.9549e+07               -1.95412e+07         304.993         45303.6         0.325031
7769.35            -1.95039e+07               -1.94961e+07         304.031         45430.9         0.329764
7748.56            -1.94196e+07               -1.94118e+07         302.833         45638.6         0.334537
7774.05            -1.94296e+07               -1.94219e+07         302.022         45599.8         0.33936
7855.57            -1.94821e+07               -1.94742e+07         303.016         45441.6         0.344245
7954.25            -1.95385e+07               -1.95306e+07         306.193         45268.4         0.349246
8008.39            -1.95828e+07               -1.95748e+07         310.04         45137.3         0.354401
7995.44            -1.96248e+07               -1.96168e+07         312.15         45039.1         0.359726
7937.62            -1.96175e+07               -1.96095e+07         311.645         45089.1         0.365213
7864.57            -1.95111e+07               -1.95032e+07         309.391         45396         0.370829
7792.21            -1.93736e+07               -1.93658e+07         306.544         45778.8         0.376519
7750.38            -1.93383e+07               -1.93305e+07         303.724         45902.5         0.382222
7756.69            -1.93648e+07               -1.9357e+07         302.093         45853.4         0.387899
7793.84            -1.94759e+07               -1.94682e+07         302.339         45576         0.39355
7839.97            -1.95478e+07               -1.954e+07         303.787         45371.3         0.399191
7895.03            -1.95808e+07               -1.95729e+07         305.585         45251.8         0.404836
7942.84            -1.95636e+07               -1.95557e+07         307.732         45257.4         0.410516
7959.58            -1.95002e+07               -1.94923e+07         309.595         45388         0.416278
7933.96            -1.94931e+07               -1.94851e+07         310.247         45402.8         0.42217
7876.12            -1.95553e+07               -1.95474e+07         309.249         45268.4         0.428197
7815.29            -1.95886e+07               -1.95808e+07         306.994         45207.9         0.43433
7782.45            -1.9595e+07               -1.95872e+07         304.623         45204.4         0.440513
7787.56            -1.96467e+07               -1.9639e+07         303.343         45075.7         0.446724
7827.15            -1.97195e+07               -1.97117e+07         303.542         44883.2         0.452954
7881.58            -1.97563e+07               -1.97484e+07         305.086         44772.8         0.459222
7922.74            -1.97715e+07               -1.97636e+07         307.207         44722.7         0.465534
7918.82            -1.9774e+07               -1.97661e+07         308.812         44720.5         0.471895
7858.35            -1.97612e+07               -1.97534e+07         308.659         44772.6         0.478303
7769.13            -1.97047e+07               -1.9697e+07         306.302         44935.3         0.484746
7705.7            -1.96409e+07               -1.96332e+07         302.824         45106.1         0.491179
7703.74            -1.958e+07               -1.95723e+07         300.352         45246.1         0.497559
7762.63            -1.94607e+07               -1.94529e+07         300.275         45500.5         0.503866
7863.42            -1.95054e+07               -1.94975e+07         302.571         45353         0.510126
7961.12            -1.95753e+07               -1.95673e+07         306.499         45155.3         0.516367
8018.38            -1.96216e+07               -1.96136e+07         310.308         45043.8         0.522617
7996.61            -1.96306e+07               -1.96226e+07         312.539         45053.9         0.528915
7918.71            -1.95667e+07               -1.95588e+07         311.691         45259.8         0.535241
7856.32            -1.94842e+07               -1.94764e+07         308.654         45516.2         0.541569
7816.61            -1.95163e+07               -1.95085e+07         306.223         45486.4         0.547866
7767.4            -1.95632e+07               -1.95554e+07         304.675         45393.4         0.554131
7727.72            -1.95785e+07               -1.95708e+07         302.757         45344.3         0.560361
7724.92            -1.95927e+07               -1.9585e+07         301.21         45270.4         0.566566
7754.4            -1.953e+07               -1.95222e+07         301.101         45363.3         0.572768
7816.65            -1.95667e+07               -1.95589e+07         302.25         45217.4         0.578996
7888.89            -1.96428e+07               -1.96349e+07         304.676         44989.3         0.585291
7938.5            -1.96545e+07               -1.96465e+07         307.492         44939.8         0.591695
7938.93            -1.96096e+07               -1.96016e+07         309.426         45055.7         0.598245
7891.5            -1.95749e+07               -1.9567e+07         309.443         45175.2         0.604932
7813.85            -1.95182e+07               -1.95104e+07         307.594         45365.5         0.611707
7744.31            -1.95056e+07               -1.94978e+07         304.567         45449.7         0.618491
7728.02            -1.94748e+07               -1.9467e+07         301.857         45556.3         0.625211
7773.54            -1.94056e+07               -1.93978e+07         301.222         45729.2         0.63181
7850.72            -1.94042e+07               -1.93963e+07         302.996         45726.5         0.638246
7918.78            -1.94334e+07               -1.94255e+07         306.004         45652.9         0.644531
7945.61            -1.94968e+07               -1.94888e+07         308.657         45507.9         0.650707
7916.35            -1.94896e+07               -1.94816e+07         309.703         45543.6         0.656818
7845.63            -1.94093e+07               -1.94014e+07         308.562         45763         0.662891
7762.91            -1.93545e+07               -1.93467e+07         305.806         45918         0.668925
7711.71            -1.9305e+07               -1.92973e+07         302.582         46048.7         0.674894
7718.07            -1.92649e+07               -1.92572e+07         300.586         46137.7         0.680779
7774.83            -1.93088e+07               -1.93011e+07         300.834         46005.5         0.686571
7855.73            -1.94346e+07               -1.94268e+07         303.046         45664.1         0.692317
7929.43            -1.94931e+07               -1.94852e+07         306.2         45480.8         0.698119
7963.68            -1.95376e+07               -1.95296e+07         309.072         45338.3         0.704046
7956.55            -1.95259e+07               -1.9518e+07         310.407         45349.1         0.710112
7918.14            -1.95014e+07               -1.94935e+07         310.129         45417.1         0.716327
7843.75            -1.94667e+07               -1.94589e+07         308.632         45532         0.722693
7749.79            -1.93868e+07               -1.9379e+07         305.733         45763.2         0.729157
7681.3            -1.93525e+07               -1.93448e+07         302.07         45873.7         0.735643
7689            -1.94016e+07               -1.93939e+07         299.401         45761.3         0.742086
7767.08            -1.94352e+07               -1.94274e+07         299.701         45664.6         0.74847
7859.48            -1.94395e+07               -1.94316e+07         302.744         45630.8         0.754794
7915.85            -1.94573e+07               -1.94493e+07         306.346         45575.8         0.761099
7907.76            -1.94539e+07               -1.9446e+07         308.543         45588.7         0.767431
7843.9            -1.93543e+07               -1.93465e+07         308.228         45850.4         0.773826
7770.68            -1.92739e+07               -1.92661e+07         305.738         46081.6         0.780299
7718.68            -1.92305e+07               -1.92228e+07         302.885         46228.1         0.786838
7689.98            -1.93129e+07               -1.93052e+07         300.858         46067.7         0.793388
7680.01            -1.93819e+07               -1.93742e+07         299.739         45925.8         0.799872
7682.2            -1.93771e+07               -1.93695e+07         299.35         45942.6         0.806245
7706.04            -1.9401e+07               -1.93933e+07         299.436         45877         0.812466
7741            -1.946e+07               -1.94523e+07         300.365         45729.9         0.818568
7746.73            -1.94588e+07               -1.9451e+07         301.728         45741.4         0.824575
7702.34            -1.94263e+07               -1.94185e+07         301.951         45844.2         0.830477
7631.24            -1.93574e+07               -1.93498e+07         300.221         46037.4         0.836232
7592.09            -1.9318e+07               -1.93104e+07         297.449         46149.8         0.841814
7599.19            -1.92878e+07               -1.92802e+07         295.923         46215.9         0.847243
7645.07            -1.93526e+07               -1.93449e+07         296.2         46027         0.852554
7721.84            -1.9429e+07               -1.94213e+07         297.988         45790.7         0.857724
7803.78            -1.95143e+07               -1.95065e+07         300.981         45530.3         0.862767
7857.31            -1.95231e+07               -1.95153e+07         304.175         45466.3         0.867763
7884.59            -1.94998e+07               -1.94919e+07         306.261         45502.5         0.872822
7884.95            -1.94485e+07               -1.94407e+07         307.324         45625.2         0.878038
7867.74            -1.94277e+07               -1.94199e+07         307.339         45691.1         0.883503
7842.09            -1.94652e+07               -1.94574e+07         306.668         45627.2         0.889274
7796.51            -1.95491e+07               -1.95413e+07         305.668         45450.7         0.895344
7739.85            -1.95713e+07               -1.95635e+07         303.891         45408.6         0.901681
7706.89            -1.95563e+07               -1.95486e+07         301.683         45433.5         0.908256
7726.55            -1.94997e+07               -1.94919e+07         300.398         45534.1         0.91504
7787.05            -1.94718e+07               -1.9464e+07         301.164         45545.9         0.921973
7865.86            -1.95084e+07               -1.95005e+07         303.523         45399.6         0.929009
7945.45            -1.95159e+07               -1.95079e+07         306.594         45334         0.936109
8005.76            -1.95767e+07               -1.95687e+07         309.697         45160.2         0.943183
8036.93            -1.96237e+07               -1.96157e+07         312.048         45042.7         0.950167
8036.47            -1.96133e+07               -1.96053e+07         313.262         45088.4         0.957002
8003.48            -1.96226e+07               -1.96146e+07         313.244         45107.9         0.963611
7943.74            -1.95965e+07               -1.95886e+07         311.958         45220.8         0.969959
7880.62            -1.96152e+07               -1.96073e+07         309.63         45225         0.976047
7831.7            -1.96221e+07               -1.96143e+07         307.17         45248.1         0.981942
7807.66            -1.9675e+07               -1.96672e+07         305.263         45148.9         0.987699
